function genomeRefCell = genome2cell(genomeData)
% nsp1 = 266:805
% nsp2 = 806:2719
% nsp3 = 2720:8554
% nsp4 = 8555:10054
% nsp5 = 10055:10972
% nsp6 = 10973:11842
% nsp7 = 11843:12091
% nsp8 = 12092:12685
% nsp9 = 12686:13024
% nsp10 = 13025:13441
% nsp11 = ????
% nsp12 = 13442..13468,13468..16236 (RdRp)
% nsp13 = 16237..18039
% nsp14 = 18040..19620
% nsp15 = 19621..20658
% nsp16 = 20659..21552
% Spike = 21563..25383
% NS3 = 25393..26219
% E = 26245..26471
% M = 26523..27190
% NS6 = 27202..27386
% NS7a = 27394..27758
% NS7b = 27756..27886
% NS8 = 27894..28258
% N = 28274..29532
    genomeRefCell{1} = genomeData(266:805);
    genomeRefCell{2} = genomeData(806:2719);
    genomeRefCell{3} = genomeData(2720:8554);
    genomeRefCell{4} = genomeData(8555:10054);
    genomeRefCell{5} = genomeData(10055:10972);
    genomeRefCell{6} = genomeData(10973:11842);
    genomeRefCell{7} = genomeData(11843:12091);
    genomeRefCell{8} = genomeData(12092:12685);
	genomeRefCell{9} = genomeData(12686:13024);
    genomeRefCell{10} = genomeData(13025:13441);
    genomeRefCell{11} = [genomeData(13442:13467), genomeData(13467:16236)];
    genomeRefCell{12} = genomeData(16237:18039);
    genomeRefCell{13} = genomeData(18040:19620);
    genomeRefCell{14} = genomeData(19621:20658);
    genomeRefCell{15} = genomeData(20659:21552);
    genomeRefCell{16} = genomeData(21563:25381); % Spike
	genomeRefCell{17} = genomeData(25393:26217); % NS3
    genomeRefCell{18} = genomeData(26245:26469); % E
    genomeRefCell{19} = genomeData(26523:27188); % M
    genomeRefCell{20} = genomeData(27202:27384); % NS6
    genomeRefCell{21} = genomeData(27394:27756); % NS7a
    genomeRefCell{22} = genomeData(27756:27884); % NS7b
    genomeRefCell{23} = genomeData(27894:28256); % NS8
    genomeRefCell{24} = genomeData(28274:29530); % N
end