function genomeRefSeq = sequenceLocations(genomeData)
% nsp1 = 266:805
% nsp2 = 806:2719
% nsp3 = 2720:8554
% nsp4 = 8555:10054
% nsp5 = 10055:10972
% nsp6 = 10973:11842
% nsp7 = 11843:12091
% nsp8 = 12092:12685
% nsp9 = 12686:13024
% nsp10 = 13025:13441
% nsp11 = ????
% nsp12 = 13442..13468,13468..16236 (RdRp)
% nsp13 = 16237..18039
% nsp14 = 18040..19620
% nsp15 = 19621..20658
% nsp16 = 20659..21552
% Spike = 21563..25383
% NS3 = 25393..26219
% E = 26245..26471
% M = 26523..27190
% NS6 = 27202..27386
% NS7a = 27394..27758
% NS7b = 27756..27886
% NS8 = 27894..28258
% N = 28274..29532
    genomeRefSeq{1} = genomeData(266:805);
    genomeRefSeq{2} = genomeData(806:2719);
    genomeRefSeq{3} = genomeData(2720:8554);
    genomeRefSeq{4} = genomeData(8555:10054);
    genomeRefSeq{5} = genomeData(10055:10972);
    genomeRefSeq{6} = genomeData(10973:11842);
    genomeRefSeq{7} = genomeData(11843:12091);
    genomeRefSeq{8} = genomeData(12092:12685);
	genomeRefSeq{9} = genomeData(12686:13024);
    genomeRefSeq{10} = genomeData(13025:13441);
    genomeRefSeq{11} = [genomeData(13442:13467), genomeData(13467:16236)];
    genomeRefSeq{12} = genomeData(16237:18039);
    genomeRefSeq{13} = genomeData(18040:19620);
    genomeRefSeq{14} = genomeData(19621:20658);
    genomeRefSeq{15} = genomeData(20659:21552);
    genomeRefSeq{16} = genomeData(21563:25383); % Spike
	genomeRefSeq{17} = genomeData(25393:26219); % NS3
    genomeRefSeq{18} = genomeData(26245:26471); % E
    genomeRefSeq{19} = genomeData(26523:27190); % M
    genomeRefSeq{20} = genomeData(27202:27386); % NS6
    genomeRefSeq{21} = genomeData(27394:27758); % NS7a
    genomeRefSeq{22} = genomeData(27756:27886); % NS7b
    genomeRefSeq{23} = genomeData(27894:28258); % NS8
    genomeRefSeq{24} = genomeData(28274:29532); % N

end